 0005    37  10.720   0.870         
 0007    37  11.990   0.800         
 0010    37  12.700   0.770         
 0011    37  12.680   0.770         
 0012    37  12.770   0.810         
 0016    37  13.760   1.080         
 0018    37  13.860   0.850         
 0019    37  14.070   0.890         
 0023    37  15.560   0.970         
 0024    37  10.730   0.960         
 0025    37  11.260   0.750         
 0026    37  11.260   0.960         
 0027    37  11.810   1.070         
 0028    37  12.170   0.780         
 0029    37  12.330   0.890         
 0031    37  12.510   0.860         
 0032    37  12.810   0.780         
 0033    37  12.880   1.000         
 0034    37  12.820   0.890         
 0035    37  12.790   0.890         
 0036    37  12.800   0.740         
 0037    37  13.130   0.930         
 0040    37  13.250   0.810         
 0043    37  13.450   0.810         
 0044    37  13.440   0.630         
 0045    37  13.430   0.810         
 0046    37  13.380   0.490         
 0047    37  13.570   0.780         
 0048    37  13.650   0.900         
 0049    37  13.550   0.680         
 0050    37  13.600   1.420         
 0051    37  13.710   0.900         
 0052    37  13.750   0.860         
 0054    37  14.080   0.820         
 0055    37  13.940   0.850         
 0057    37  14.220   0.840         
 0059    37  14.220   1.770         
 0060    37  14.200   0.780         
 0061    37  14.310   1.920         
 0062    37  14.230   0.840         
 0063    37  14.370   0.840         
 0064    37  14.390   0.740         
 0065    37  14.480   0.840         
 0067    37  14.450   0.900         
 0068    37  14.520   0.840         
 0069    37  14.540   0.890         
 0070    37  14.570   0.890         
 0072    37  14.670   0.900         
 0073    37  14.740   0.930         
 0076    37  14.860   0.920         
 0077    37  14.930   0.810         
 0078    37  15.150   0.910         
 0079    37  15.000   1.020         
 0080    37  15.030   0.930         
 0081    37  15.100   0.930         
 0082    37  15.200   1.060         
 0083    37  15.130   0.880         
 0084    37  15.170   0.850         
 0085    37  15.210   0.890         
 0087    37  15.370   0.880         
 0088    37  15.420   0.840         
 0090    37  15.390   0.960         
 0091    37  16.090   0.900         
 1003    37  16.750   0.980         
 1004    37  16.210   1.140         
 1008    37  16.290   1.140         
 1014    37  15.310   1.390         
 1016    37  15.860   1.010         
 1017    37  16.250   1.060         
 1018    37  16.240   1.050         
 1022    37  16.120   1.020         
 1023    37  15.240   0.960         
 1024    37  16.150   1.090         
 1037    37  15.500   0.910         
 1038    37  16.320   0.960         
 1040    37  16.370   1.080         
 1041    37  16.760   1.330         
 1042    37  16.230   1.050         
 1043    37  16.490   0.950         
 1044    37  15.620   1.080         
 1047    37  16.560   0.400         
 1048    37  16.100   1.080         
 1049    37  16.540   1.050         
 1050    37  14.910   1.170         
 1055    37  15.740   0.920         
 1058    37  15.720   0.950         
 1060    37  15.570   1.320         
 1061    37  14.680   1.140         
 1063    37  16.520   1.210         
 1064    37  15.930   1.120         
 1066    37  16.720   1.230         
 1067    37  15.230   0.990         
 1069    37  16.800   1.170         
 1074    37  15.300   1.010         
 1075    37  14.450   2.850         
 1079    37  15.820   1.640         
 1080    37  13.480   1.180         
 1081    37  14.280   1.010         
 1082    37  16.080   1.310         
 1083    37  15.070   1.010         
 1084    37  16.070   1.520         
 1106    37  16.510   2.230         
 1107    37  15.760   2.350         
 1109    37  15.940   0.900         
 1110    37  16.450   1.230         
 1114    37  16.240   0.900         
 1117    37  16.140   1.280         
 1120    37  16.020   0.950         
 1123    37  16.130   0.970         
 1124    37  15.640   1.850         
 1126    37  15.660   1.110         
 1132    37  16.430   1.040         
 1133    37  16.230   1.160         
 1134    37  16.330   0.980         
 2002    37  18.440   1.410         
 2003    37  17.980   1.380         
 2006    37  17.850   1.120         
 2008    37  18.640   1.470         
 2010    37  19.250   1.620         
 2011    37  18.840   1.730         
 2016    37  19.190   1.770         
 2017    37  18.340   1.440         
 2018    37  18.740   1.310         
 2019    37  18.090   1.460         
 2021    37  17.340   1.040         
 2025    37  18.320   1.680         
 2026    37  17.580   1.240         
 2027    37  18.060   1.410         
 2029    37  18.730   1.410         
 2030    37  19.140   1.490         
 2031    37  17.110   0.990         
 2033    37  17.090   1.200         
 2034    37  18.420   1.420         
 2035    37  18.410   0.820         
 2037    37  17.020   1.060         
 2044    37  14.320   1.700         
 2045    37  16.820   1.270         
 2046    37  17.190   1.070         
 2047    37  17.350   1.170         
 2048    37  17.200   1.360         
 2053    37  18.520   1.410         
 2054    37  17.610   1.320         
 2056    37  18.080   1.430         
 2057    37  17.860   3.200         
 2059    37  18.220   1.430         
 2061    37  18.720   1.510         
 2062    37  17.820   1.310         
 2064    37  19.380   1.390         
 2065    37  18.770   1.380         
 2066    37  17.270   1.210         
 2067    37  18.670   1.280         
 2070    37  17.570   1.230         
 2072    37  18.140   1.240         
 2073    37  17.960   1.430         
 2074    37  18.790   1.470         
 2076    37  15.450   1.080         
 2077    37  16.820   0.990         
 2078    37  17.100   1.200         
 2081    37  16.990   1.390         
 2083    37  19.290   1.380         
 2085    37  18.800   2.080         
 2087    37  18.450   1.530         
 2088    37  18.010   1.450         
 2089    37  17.440   1.120         
 2090    37  19.040   1.340         
 2091    37  18.840   1.360         
 2092    37  17.570   1.200         
 2094    37  18.720   1.440         
 2096    37  18.630   1.560         
 2097    37  18.600   1.290         
 2098    37  18.050   1.310         
 2099    37  16.850   1.240         
 2100    37  17.130   1.390         
 2102    37  18.140   1.350         
 2103    37  17.610   1.240         
 2105    37  15.570   0.940         
 2106    37  17.260   1.400         
 2107    37  18.450   1.520         
 2109    37  18.460   1.760         
 2110    37  18.430   1.550         
 2113    37  16.850   1.030         
 2115    37  17.030   1.140         
 2116    37  17.320   1.210         
 2117    37  17.850   2.450         
 2118    37  18.230   1.380         
 2119    37  16.740   1.290         
 2121    37  18.080   1.330         
 2122    37  18.450   1.590         
 2124    37  17.060   1.310         
 2126    37  16.720   1.070         
 2127    37  18.270   1.460         
 2128    37  18.460   1.630         
 2131    37  18.670   1.870         
 2132    37  18.000   1.240         
 2134    37  18.250   1.570         
 2135    37  19.140   1.650         
 2137    37  18.530   1.620         
 2138    37  17.490   1.330         
 2144    37  17.820   1.390         
 2146    37  18.060   1.900         
 2148    37  16.870   1.610         
 2149    37  17.980   1.720         
 2150    37  16.820   1.230         
 2151    37  16.790   1.030         
 2156    37  18.870   1.830         
 2157    37  19.570   1.540         
 2158    37  17.260   1.120         
 2160    37  18.610   1.220         
 2161    37  18.610   1.510         
 2163    37  19.150   1.410         
 2164    37  16.730   1.140         
 2167    37  15.100   0.950         
 2173    37  17.350   1.140         
 2174    37  17.340   1.540         
 2176    37  16.620   1.080         
 2177    37  17.940   1.260         
 2178    37  17.460   1.170         
 2179    37  19.110   1.370         
 2186    37  18.070   1.350         
 2188    37  18.890   1.490         
 2189    37  18.650   1.470         
 2195    37  16.500   1.380         
 2197    37  18.470   1.640         
 2198    37  17.890   1.510         
 2199    37  17.380   1.190         
 2200    37  16.970   1.400         
 2201    37  18.580   1.650         
 2203    37  15.970   0.910         
 2205    37  16.960   1.680         
 2206    37  18.790   1.540         
 2209    37  14.650   1.110         
 2210    37  17.160   1.090         
 2211    37  17.760   1.190         
 2212    37  18.830   1.560         
 2216    37  18.200   1.570         
 2217    37  17.020   1.190         
 2219    37  18.360   2.640         
 2220    37  17.580   1.170         
 2221    37  17.170   1.100         
 2222    37  19.350   1.490         
 2224    37  18.400   1.670         
 2225    37  17.180   1.120         
 2226    37  19.070   1.660         
 2229    37  14.880   0.940         
 2230    37  18.030   1.390         
 2231    37  17.840   1.210         
 2232    37  16.510   1.070         
 2233    37  17.210   1.320         
 2237    37  18.270   1.430         
 2240    37  15.780   1.020         
 2241    37  17.830   1.280         
 2242    37  17.770   1.270         
 2243    37  17.600   1.230         
 2246    37  17.880   1.250         
 2247    37  16.900   1.400         
 2250    37  15.260   0.890         
 2253    37  18.460   1.360         
 2258    37  17.190   1.120         
 2260    37  14.490   0.860         
 2262    37  19.370   1.540         
 2266    37  18.250   1.470         
 2267    37  16.860   1.030         
 2268    37  17.750   1.250         
 2272    37  16.850   1.350         
 2273    37  12.220   0.780         
 2274    37  17.120   1.290         
 2275    37  17.910   1.460         
 2276    37  17.660   1.380         
 2278    37  16.080   0.730         
 2279    37  17.830   1.300         
 2283    37  16.710   1.240         
 2285    37  17.700   1.270         
 2287    37  16.910   1.000         
 2291    37  16.700   1.170         
 2292    37  18.070   1.430         
 2296    37  16.800   1.130         
 2304    37  18.760   1.600         
 2308    37  16.770   1.170         
 2309    37  18.560   1.460         
 2313    37  18.500   1.510         
 2314    37  16.520   1.100         
 2317    37  16.620   1.000         
 2318    37  16.770   1.000         
 2321    37  15.750   1.000         
 2323    37  18.210   1.280         
 2324    37  16.030   1.320         
 2325    37  18.260   1.660         
 2329    37  16.600   1.180         
 2330    37  19.590   1.520         
 2332    37  17.430   1.200         
 2334    37  17.630   1.520         
 2336    37  15.810   1.250         
 2340    37  18.670   1.540         
 2341    37  17.180   1.120         
 2342    37  18.840   1.790         
 2343    37  19.100   1.690         
 2344    37  18.650   1.690         
 2345    37  17.880   1.270         
 2347    37  18.430   1.680         
 2351    37  16.800   1.100         
 2352    37  18.850   1.760         
 2355    37  17.760   1.510         
 2356    37  17.100   1.190         
 2358    37  17.750   1.240         
 2359    37  17.740   1.180         
 2361    37  16.900   1.130         
 2362    37  18.730   1.770         
 2364    37  16.770   1.190         
 2365    37  17.530   1.110         
 2366    37  17.760   1.240         
 2367    37  17.540   1.190         
 2368    37  18.570   1.660         
 2370    37  16.640   1.250         
 2371    37  18.260   1.630         
 2372    37  17.540   1.220         
 2373    37  18.140   1.360         
 2374    37  16.220   1.130         
 2377    37  16.930   1.170         
 2381    37  16.770   1.350         
 2386    37  17.160   1.080         
 2387    37  16.640   1.040         
 2388    37  19.730   1.450         
 2389    37  17.120   1.180         
 2391    37  19.140   1.860         
 2395    37  18.130   1.530         
 2396    37  16.660   1.090         
 2397    37  18.190   1.370         
 2401    37  18.050   1.370         
 2404    37  18.890   1.740         
 2405    37  17.790   1.330         
 2406    37  18.050   1.450         
 2407    37  16.560   1.050         
 2408    37  18.420   1.540         
 2409    37  18.560   1.450         
 2411    37  18.010   1.780         
 2413    37  18.190   1.660         
 2415    37  17.060   1.000         
 2417    37  17.330   1.120         
 2418    37  18.670   1.570         
 2419    37  17.240   1.180         
 2420    37  16.190   1.170         
 2421    37  17.180   1.270         
 2425    37  18.170   1.640         
 2426    37  18.000   1.320         
 2428    37  17.300   1.280         
 2429    37  16.610   1.090         
 2430    37  16.940   1.470         
 2435    37  16.670   1.150         
 2436    37  17.000   1.190         
 2437    37  18.890   1.650         
 2439    37  17.640   1.250         
 2440    37  18.300   1.340         
 2441    37  17.140   1.420         
 2442    37  18.160   1.460         
 2443    37  16.830   1.070         
 2444    37  15.170   0.850         
 2445    37  18.810   1.780         
 2446    37  17.860   1.500         
 2450    37  18.300   1.480         
 2454    37  17.550   1.280         
 2455    37  18.800   1.440         
 2459    37  17.400   1.680         
 2460    37  18.310   1.450         
 2465    37  18.150   1.510         
 2467    37  17.880   1.470         
 2468    37  17.080   1.290         
 2472    37  17.370   1.180         
 2474    37  18.300   1.250         
 2476    37  16.900   1.160         
 2477    37  16.760   1.120         
 2479    37  18.230   1.420         
 2481    37  19.530   1.570         
 2485    37  19.090   1.450         
 2487    37  18.510   1.440         
 2489    37  18.490   1.500         
 2491    37  18.870   1.590         
 2493    37  16.880   1.140         
 2494    37  16.860   1.120         
 2496    37  17.720   2.170         
 2501    37  18.460   1.290         
 2503    37  18.110   1.510         
 2505    37  17.760   1.390         
 2510    37  18.040   1.660         
 2511    37  19.430   1.430         
 2512    37  18.430   1.450         
 2515    37  19.680   1.560         
 2517    37  18.730   1.480         
 2519    37  17.970   1.330         
 2522    37  17.450   1.130         
 2529    37  19.340   1.690         
 2533    37  17.960   1.490         
 2534    37  17.340   1.010         
 2535    37  19.400   1.550         
 2540    37  17.160   1.340         
 2541    37  17.820   1.580         
 2542    37  17.230   1.070         
 2546    37  18.330   1.340         
 2548    37  18.210   1.570         
 2549    37  19.480   1.600         
 2551    37  18.010   2.020         
 2552    37  17.080   1.260         
 2555    37  16.800   1.130         
 2556    37  18.200   1.470         
 2559    37  19.100   1.730         
 2560    37  16.850   1.270         
 2562    37  18.840   1.800         
 2565    37  18.130   1.480         
 2566    37  17.180   1.570         
 2567    37  16.330   1.480         
 2569    37  17.420   1.240         
 2572    37  18.750   1.530         
 2575    37  18.300   1.370         
 2576    37  17.670   1.350         
 2577    37  16.980   1.430         
 2578    37  19.430   1.410         
 2579    37  18.850   1.680         
 2582    37  17.370   1.710         
 2586    37  17.800   1.440         
 2588    37  18.200   1.680         
 2589    37  17.540   1.340         
 2590    37  18.280   1.260         
 2591    37  18.100   1.490         
 2592    37  18.540   1.560         